world: 559e5f56-c4f2-4806-a3c1-01c1731cdca7
world-name: Nubank
x: -303.5395226115302
y: 47.0
z: 343.5577348151739
yaw: -89.431884765625
pitch: 0.9383193850517273
name: spawn
lastowner: 14ff91c9-b4ca-3613-a7bf-be86fffbb98b
